0 0 1
1 0 0.0 0.0 
0 1 0 0.0
0 0 1 0.0 
0.0 0.0 0.0 1.0
1 1 2
1 0 0.0 0.5 
0 1 0 0.0
0 0 1 0.5 
0.0 0.0 0.0 1.0
2 2 3
1 0 0.0 1.0 
0 1 0 0.0
0 0 1 1.0 
0.0 0.0 0.0 1.0
3 3 4
1 0 0.0 1.5 
0 1 0 0.0
0 0 1 1.5 
0.0 0.0 0.0 1.0
4 4 5
1 0 0.0 2.0 
0 1 0 0.0
0 0 1 2.0 
0.0 0.0 0.0 1.0
5 5 6
1 0 0.0 2.5 
0 1 0 0.0
0 0 1 2.5 
0.0 0.0 0.0 1.0
6 6 7
1 0 0.0 3.0 
0 1 0 0.0
0 0 1 3.0 
0.0 0.0 0.0 1.0
7 7 8
1 0 0.0 3.5 
0 1 0 0.0
0 0 1 3.5 
0.0 0.0 0.0 1.0
8 8 9
1 0 0.0 4.0 
0 1 0 0.0
0 0 1 4.0 
0.0 0.0 0.0 1.0
9 9 10
1 0 0.0 4.5 
0 1 0 0.0
0 0 1 4.5 
0.0 0.0 0.0 1.0
10 10 11
1 0 0.0 5.0 
0 1 0 0.0
0 0 1 5.0 
0.0 0.0 0.0 1.0
11 11 12
1 0 0.0 5.5 
0 1 0 0.0
0 0 1 5.5 
0.0 0.0 0.0 1.0
12 12 13
1 0 0.0 6.0 
0 1 0 0.0
0 0 1 6.0 
0.0 0.0 0.0 1.0
13 13 14
1 0 0.0 6.5 
0 1 0 0.0
0 0 1 6.5 
0.0 0.0 0.0 1.0
14 14 15
1 0 0.0 7.0 
0 1 0 0.0
0 0 1 7.0 
0.0 0.0 0.0 1.0
15 15 16
1 0 0.0 7.5 
0 1 0 0.0
0 0 1 7.5 
0.0 0.0 0.0 1.0
16 16 17
1 0 0.0 8.0 
0 1 0 0.0
0 0 1 8.0 
0.0 0.0 0.0 1.0
17 17 18
1 0 0.0 8.5 
0 1 0 0.0
0 0 1 8.5 
0.0 0.0 0.0 1.0
18 18 19
1 0 0.0 9.0 
0 1 0 0.0
0 0 1 9.0 
0.0 0.0 0.0 1.0
19 19 20
1 0 0.0 9.5 
0 1 0 0.0
0 0 1 9.5 
0.0 0.0 0.0 1.0
20 20 21
1 0 0.0 10.0 
0 1 0 0.0
0 0 1 10.0 
0.0 0.0 0.0 1.0
21 21 22
1 0 0.0 10.5 
0 1 0 0.0
0 0 1 10.5 
0.0 0.0 0.0 1.0
22 22 23
1 0 0.0 11.0 
0 1 0 0.0
0 0 1 11.0 
0.0 0.0 0.0 1.0
23 23 24
1 0 0.0 11.5 
0 1 0 0.0
0 0 1 11.5 
0.0 0.0 0.0 1.0
24 24 25
1 0 0.0 12.0 
0 1 0 0.0
0 0 1 12.0 
0.0 0.0 0.0 1.0
25 25 26
1 0 0.0 12.5 
0 1 0 0.0
0 0 1 12.5 
0.0 0.0 0.0 1.0
26 26 27
1 0 0.0 13.0 
0 1 0 0.0
0 0 1 13.0 
0.0 0.0 0.0 1.0
27 27 28
1 0 0.0 13.5 
0 1 0 0.0
0 0 1 13.5 
0.0 0.0 0.0 1.0
28 28 29
1 0 0.0 14.0 
0 1 0 0.0
0 0 1 14.0 
0.0 0.0 0.0 1.0
29 29 30
1 0 0.0 14.5 
0 1 0 0.0
0 0 1 14.5 
0.0 0.0 0.0 1.0
30 30 31
1 0 0.0 15.0 
0 1 0 0.0
0 0 1 15.0 
0.0 0.0 0.0 1.0
31 31 32
1 0 0.0 15.5 
0 1 0 0.0
0 0 1 15.5 
0.0 0.0 0.0 1.0
32 32 33
1 0 0.0 16.0 
0 1 0 0.0
0 0 1 16.0 
0.0 0.0 0.0 1.0
33 33 34
1 0 0.0 16.5 
0 1 0 0.0
0 0 1 16.5 
0.0 0.0 0.0 1.0
34 34 35
1 0 0.0 17.0 
0 1 0 0.0
0 0 1 17.0 
0.0 0.0 0.0 1.0
35 35 36
1 0 0.0 17.5 
0 1 0 0.0
0 0 1 17.5 
0.0 0.0 0.0 1.0
36 36 37
1 0 0.0 18.0 
0 1 0 0.0
0 0 1 18.0 
0.0 0.0 0.0 1.0
37 37 38
1 0 0.0 18.5 
0 1 0 0.0
0 0 1 18.5 
0.0 0.0 0.0 1.0
38 38 39
1 0 0.0 19.0 
0 1 0 0.0
0 0 1 19.0 
0.0 0.0 0.0 1.0
39 39 40
1 0 0.0 19.5 
0 1 0 0.0
0 0 1 19.5 
0.0 0.0 0.0 1.0
40 40 41
1 0 0.0 20.0 
0 1 0 0.0
0 0 1 20.0 
0.0 0.0 0.0 1.0
41 41 42
1 0 0.0 20.5 
0 1 0 0.0
0 0 1 20.5 
0.0 0.0 0.0 1.0
42 42 43
1 0 0.0 21.0 
0 1 0 0.0
0 0 1 21.0 
0.0 0.0 0.0 1.0
43 43 44
1 0 0.0 21.5 
0 1 0 0.0
0 0 1 21.5 
0.0 0.0 0.0 1.0
44 44 45
1 0 0.0 22.0 
0 1 0 0.0
0 0 1 22.0 
0.0 0.0 0.0 1.0
45 45 46
1 0 0.0 22.5 
0 1 0 0.0
0 0 1 22.5 
0.0 0.0 0.0 1.0
46 46 47
1 0 0.0 23.0 
0 1 0 0.0
0 0 1 23.0 
0.0 0.0 0.0 1.0
47 47 48
1 0 0.0 23.5 
0 1 0 0.0
0 0 1 23.5 
0.0 0.0 0.0 1.0
48 48 49
1 0 0.0 24.0 
0 1 0 0.0
0 0 1 24.0 
0.0 0.0 0.0 1.0
49 49 50
1 0 0.0 24.5 
0 1 0 0.0
0 0 1 24.5 
0.0 0.0 0.0 1.0
50 50 51
1 0 0.0 25.0 
0 1 0 0.0
0 0 1 25.0 
0.0 0.0 0.0 1.0
51 51 52
1 0 0.0 25.5 
0 1 0 0.0
0 0 1 25.5 
0.0 0.0 0.0 1.0
52 52 53
1 0 0.0 26.0 
0 1 0 0.0
0 0 1 26.0 
0.0 0.0 0.0 1.0
53 53 54
1 0 0.0 26.5 
0 1 0 0.0
0 0 1 26.5 
0.0 0.0 0.0 1.0
54 54 55
1 0 0.0 27.0 
0 1 0 0.0
0 0 1 27.0 
0.0 0.0 0.0 1.0
55 55 56
1 0 0.0 27.5 
0 1 0 0.0
0 0 1 27.5 
0.0 0.0 0.0 1.0
56 56 57
1 0 0.0 28.0 
0 1 0 0.0
0 0 1 28.0 
0.0 0.0 0.0 1.0
57 57 58
1 0 0.0 28.5 
0 1 0 0.0
0 0 1 28.5 
0.0 0.0 0.0 1.0
58 58 59
1 0 0.0 29.0 
0 1 0 0.0
0 0 1 29.0 
0.0 0.0 0.0 1.0
59 59 60
1 0 0.0 29.5 
0 1 0 0.0
0 0 1 29.5 
0.0 0.0 0.0 1.0
60 60 61
1 0 0.0 30.0 
0 1 0 0.0
0 0 1 30.0 
0.0 0.0 0.0 1.0
61 61 62
1 0 0.0 30.5 
0 1 0 0.0
0 0 1 30.5 
0.0 0.0 0.0 1.0
62 62 63
1 0 0.0 31.0 
0 1 0 0.0
0 0 1 31.0 
0.0 0.0 0.0 1.0
63 63 64
1 0 0.0 31.5 
0 1 0 0.0
0 0 1 31.5 
0.0 0.0 0.0 1.0
64 64 65
1 0 0.0 32.0 
0 1 0 0.0
0 0 1 32.0 
0.0 0.0 0.0 1.0
65 65 66
1 0 0.0 32.5 
0 1 0 0.0
0 0 1 32.5 
0.0 0.0 0.0 1.0
66 66 67
1 0 0.0 33.0 
0 1 0 0.0
0 0 1 33.0 
0.0 0.0 0.0 1.0
67 67 68
1 0 0.0 33.5 
0 1 0 0.0
0 0 1 33.5 
0.0 0.0 0.0 1.0
68 68 69
1 0 0.0 34.0 
0 1 0 0.0
0 0 1 34.0 
0.0 0.0 0.0 1.0
69 69 70
1 0 0.0 34.5 
0 1 0 0.0
0 0 1 34.5 
0.0 0.0 0.0 1.0
70 70 71
1 0 0.0 35.0 
0 1 0 0.0
0 0 1 35.0 
0.0 0.0 0.0 1.0
71 71 72
1 0 0.0 35.5 
0 1 0 0.0
0 0 1 35.5 
0.0 0.0 0.0 1.0
72 72 73
1 0 0.0 36.0 
0 1 0 0.0
0 0 1 36.0 
0.0 0.0 0.0 1.0
73 73 74
1 0 0.0 36.5 
0 1 0 0.0
0 0 1 36.5 
0.0 0.0 0.0 1.0
74 74 75
1 0 0.0 37.0 
0 1 0 0.0
0 0 1 37.0 
0.0 0.0 0.0 1.0
75 75 76
1 0 0.0 37.5 
0 1 0 0.0
0 0 1 37.5 
0.0 0.0 0.0 1.0
76 76 77
1 0 0.0 38.0 
0 1 0 0.0
0 0 1 38.0 
0.0 0.0 0.0 1.0
77 77 78
1 0 0.0 38.5 
0 1 0 0.0
0 0 1 38.5 
0.0 0.0 0.0 1.0
78 78 79
1 0 0.0 39.0 
0 1 0 0.0
0 0 1 39.0 
0.0 0.0 0.0 1.0
79 79 80
1 0 0.0 39.5 
0 1 0 0.0
0 0 1 39.5 
0.0 0.0 0.0 1.0
80 80 81
1 0 0.0 40.0 
0 1 0 0.0
0 0 1 40.0 
0.0 0.0 0.0 1.0
81 81 82
1 0 0.0 40.5 
0 1 0 0.0
0 0 1 40.5 
0.0 0.0 0.0 1.0
82 82 83
1 0 0.0 41.0 
0 1 0 0.0
0 0 1 41.0 
0.0 0.0 0.0 1.0
83 83 84
1 0 0.0 41.5 
0 1 0 0.0
0 0 1 41.5 
0.0 0.0 0.0 1.0
84 84 85
1 0 0.0 42.0 
0 1 0 0.0
0 0 1 42.0 
0.0 0.0 0.0 1.0
85 85 86
1 0 0.0 42.5 
0 1 0 0.0
0 0 1 42.5 
0.0 0.0 0.0 1.0
86 86 87
1 0 0.0 43.0 
0 1 0 0.0
0 0 1 43.0 
0.0 0.0 0.0 1.0
87 87 88
1 0 0.0 43.5 
0 1 0 0.0
0 0 1 43.5 
0.0 0.0 0.0 1.0
88 88 89
1 0 0.0 44.0 
0 1 0 0.0
0 0 1 44.0 
0.0 0.0 0.0 1.0
89 89 90
1 0 0.0 44.5 
0 1 0 0.0
0 0 1 44.5 
0.0 0.0 0.0 1.0
90 90 91
1 0 0.0 45.0 
0 1 0 0.0
0 0 1 45.0 
0.0 0.0 0.0 1.0
91 91 92
1 0 0.0 45.5 
0 1 0 0.0
0 0 1 45.5 
0.0 0.0 0.0 1.0
92 92 93
1 0 0.0 46.0 
0 1 0 0.0
0 0 1 46.0 
0.0 0.0 0.0 1.0
93 93 94
1 0 0.0 46.5 
0 1 0 0.0
0 0 1 46.5 
0.0 0.0 0.0 1.0
94 94 95
1 0 0.0 47.0 
0 1 0 0.0
0 0 1 47.0 
0.0 0.0 0.0 1.0
95 95 96
1 0 0.0 47.5 
0 1 0 0.0
0 0 1 47.5 
0.0 0.0 0.0 1.0
96 96 97
1 0 0.0 48.0 
0 1 0 0.0
0 0 1 48.0 
0.0 0.0 0.0 1.0
97 97 98
1 0 0.0 48.5 
0 1 0 0.0
0 0 1 48.5 
0.0 0.0 0.0 1.0
98 98 99
1 0 0.0 49.0 
0 1 0 0.0
0 0 1 49.0 
0.0 0.0 0.0 1.0
99 99 100
1 0 0.0 49.5 
0 1 0 0.0
0 0 1 49.5 
0.0 0.0 0.0 1.0
100 100 101
1 0 0.0 50.0 
0 1 0 0.0
0 0 1 50.0 
0.0 0.0 0.0 1.0
101 101 102
1 0 0.0 50.5 
0 1 0 0.0
0 0 1 50.5 
0.0 0.0 0.0 1.0
102 102 103
1 0 0.0 51.0 
0 1 0 0.0
0 0 1 51.0 
0.0 0.0 0.0 1.0
103 103 104
1 0 0.0 51.5 
0 1 0 0.0
0 0 1 51.5 
0.0 0.0 0.0 1.0
104 104 105
1 0 0.0 52.0 
0 1 0 0.0
0 0 1 52.0 
0.0 0.0 0.0 1.0
105 105 106
1 0 0.0 52.5 
0 1 0 0.0
0 0 1 52.5 
0.0 0.0 0.0 1.0
106 106 107
1 0 0.0 53.0 
0 1 0 0.0
0 0 1 53.0 
0.0 0.0 0.0 1.0
107 107 108
1 0 0.0 53.5 
0 1 0 0.0
0 0 1 53.5 
0.0 0.0 0.0 1.0
108 108 109
1 0 0.0 54.0 
0 1 0 0.0
0 0 1 54.0 
0.0 0.0 0.0 1.0
109 109 110
1 0 0.0 54.5 
0 1 0 0.0
0 0 1 54.5 
0.0 0.0 0.0 1.0
110 110 111
1 0 0.0 55.0 
0 1 0 0.0
0 0 1 55.0 
0.0 0.0 0.0 1.0
111 111 112
1 0 0.0 55.5 
0 1 0 0.0
0 0 1 55.5 
0.0 0.0 0.0 1.0
112 112 113
1 0 0.0 56.0 
0 1 0 0.0
0 0 1 56.0 
0.0 0.0 0.0 1.0
113 113 114
1 0 0.0 56.5 
0 1 0 0.0
0 0 1 56.5 
0.0 0.0 0.0 1.0
114 114 115
1 0 0.0 57.0 
0 1 0 0.0
0 0 1 57.0 
0.0 0.0 0.0 1.0
115 115 116
1 0 0.0 57.5 
0 1 0 0.0
0 0 1 57.5 
0.0 0.0 0.0 1.0
116 116 117
1 0 0.0 58.0 
0 1 0 0.0
0 0 1 58.0 
0.0 0.0 0.0 1.0
117 117 118
1 0 0.0 58.5 
0 1 0 0.0
0 0 1 58.5 
0.0 0.0 0.0 1.0
118 118 119
1 0 0.0 59.0 
0 1 0 0.0
0 0 1 59.0 
0.0 0.0 0.0 1.0
119 119 120
1 0 0.0 59.5 
0 1 0 0.0
0 0 1 59.5 
0.0 0.0 0.0 1.0
120 120 121
1 0 0.0 60.0 
0 1 0 0.0
0 0 1 60.0 
0.0 0.0 0.0 1.0
121 121 122
1 0 0.0 60.5 
0 1 0 0.0
0 0 1 60.5 
0.0 0.0 0.0 1.0
122 122 123
1 0 0.0 61.0 
0 1 0 0.0
0 0 1 61.0 
0.0 0.0 0.0 1.0
123 123 124
1 0 0.0 61.5 
0 1 0 0.0
0 0 1 61.5 
0.0 0.0 0.0 1.0
124 124 125
1 0 0.0 62.0 
0 1 0 0.0
0 0 1 62.0 
0.0 0.0 0.0 1.0
125 125 126
1 0 0.0 62.5 
0 1 0 0.0
0 0 1 62.5 
0.0 0.0 0.0 1.0
126 126 127
1 0 0.0 63.0 
0 1 0 0.0
0 0 1 63.0 
0.0 0.0 0.0 1.0
127 127 128
1 0 0.0 63.5 
0 1 0 0.0
0 0 1 63.5 
0.0 0.0 0.0 1.0
128 128 129
1 0 0.0 64.0 
0 1 0 0.0
0 0 1 64.0 
0.0 0.0 0.0 1.0
129 129 130
1 0 0.0 64.5 
0 1 0 0.0
0 0 1 64.5 
0.0 0.0 0.0 1.0
130 130 131
1 0 0.0 65.0 
0 1 0 0.0
0 0 1 65.0 
0.0 0.0 0.0 1.0
131 131 132
1 0 0.0 65.5 
0 1 0 0.0
0 0 1 65.5 
0.0 0.0 0.0 1.0
132 132 133
1 0 0.0 66.0 
0 1 0 0.0
0 0 1 66.0 
0.0 0.0 0.0 1.0
133 133 134
1 0 0.0 66.5 
0 1 0 0.0
0 0 1 66.5 
0.0 0.0 0.0 1.0
134 134 135
1 0 0.0 67.0 
0 1 0 0.0
0 0 1 67.0 
0.0 0.0 0.0 1.0
135 135 136
1 0 0.0 67.5 
0 1 0 0.0
0 0 1 67.5 
0.0 0.0 0.0 1.0
136 136 137
1 0 0.0 68.0 
0 1 0 0.0
0 0 1 68.0 
0.0 0.0 0.0 1.0
137 137 138
1 0 0.0 68.5 
0 1 0 0.0
0 0 1 68.5 
0.0 0.0 0.0 1.0
138 138 139
1 0 0.0 69.0 
0 1 0 0.0
0 0 1 69.0 
0.0 0.0 0.0 1.0
139 139 140
1 0 0.0 69.5 
0 1 0 0.0
0 0 1 69.5 
0.0 0.0 0.0 1.0
140 140 141
1 0 0.0 70.0 
0 1 0 0.0
0 0 1 70.0 
0.0 0.0 0.0 1.0
141 141 142
1 0 0.0 70.5 
0 1 0 0.0
0 0 1 70.5 
0.0 0.0 0.0 1.0
142 142 143
1 0 0.0 71.0 
0 1 0 0.0
0 0 1 71.0 
0.0 0.0 0.0 1.0
143 143 144
1 0 0.0 71.5 
0 1 0 0.0
0 0 1 71.5 
0.0 0.0 0.0 1.0
144 144 145
1 0 0.0 72.0 
0 1 0 0.0
0 0 1 72.0 
0.0 0.0 0.0 1.0
145 145 146
1 0 0.0 72.5 
0 1 0 0.0
0 0 1 72.5 
0.0 0.0 0.0 1.0
146 146 147
1 0 0.0 73.0 
0 1 0 0.0
0 0 1 73.0 
0.0 0.0 0.0 1.0
147 147 148
1 0 0.0 73.5 
0 1 0 0.0
0 0 1 73.5 
0.0 0.0 0.0 1.0
148 148 149
1 0 0.0 74.0 
0 1 0 0.0
0 0 1 74.0 
0.0 0.0 0.0 1.0
149 149 150
1 0 0.0 74.5 
0 1 0 0.0
0 0 1 74.5 
0.0 0.0 0.0 1.0
150 150 151
1 0 0.0 75.0 
0 1 0 0.0
0 0 1 75.0 
0.0 0.0 0.0 1.0
151 151 152
1 0 0.0 75.5 
0 1 0 0.0
0 0 1 75.5 
0.0 0.0 0.0 1.0
152 152 153
1 0 0.0 76.0 
0 1 0 0.0
0 0 1 76.0 
0.0 0.0 0.0 1.0
153 153 154
1 0 0.0 76.5 
0 1 0 0.0
0 0 1 76.5 
0.0 0.0 0.0 1.0
154 154 155
1 0 0.0 77.0 
0 1 0 0.0
0 0 1 77.0 
0.0 0.0 0.0 1.0
155 155 156
1 0 0.0 77.5 
0 1 0 0.0
0 0 1 77.5 
0.0 0.0 0.0 1.0
156 156 157
1 0 0.0 78.0 
0 1 0 0.0
0 0 1 78.0 
0.0 0.0 0.0 1.0
157 157 158
1 0 0.0 78.5 
0 1 0 0.0
0 0 1 78.5 
0.0 0.0 0.0 1.0
158 158 159
1 0 0.0 79.0 
0 1 0 0.0
0 0 1 79.0 
0.0 0.0 0.0 1.0
159 159 160
1 0 0.0 79.5 
0 1 0 0.0
0 0 1 79.5 
0.0 0.0 0.0 1.0
160 160 161
1 0 0.0 80.0 
0 1 0 0.0
0 0 1 80.0 
0.0 0.0 0.0 1.0
161 161 162
1 0 0.0 80.5 
0 1 0 0.0
0 0 1 80.5 
0.0 0.0 0.0 1.0
162 162 163
1 0 0.0 81.0 
0 1 0 0.0
0 0 1 81.0 
0.0 0.0 0.0 1.0
163 163 164
1 0 0.0 81.5 
0 1 0 0.0
0 0 1 81.5 
0.0 0.0 0.0 1.0
164 164 165
1 0 0.0 82.0 
0 1 0 0.0
0 0 1 82.0 
0.0 0.0 0.0 1.0
165 165 166
1 0 0.0 82.5 
0 1 0 0.0
0 0 1 82.5 
0.0 0.0 0.0 1.0
166 166 167
1 0 0.0 83.0 
0 1 0 0.0
0 0 1 83.0 
0.0 0.0 0.0 1.0
167 167 168
1 0 0.0 83.5 
0 1 0 0.0
0 0 1 83.5 
0.0 0.0 0.0 1.0
168 168 169
1 0 0.0 84.0 
0 1 0 0.0
0 0 1 84.0 
0.0 0.0 0.0 1.0
169 169 170
1 0 0.0 84.5 
0 1 0 0.0
0 0 1 84.5 
0.0 0.0 0.0 1.0
170 170 171
1 0 0.0 170.0 
0 0 1 0.0
0 -1 0 170.0 
0.0 0.0 0.0 1.0
171 171 172
1 0 0.0 170.5 
0 0 1 0.0
0 -1 0 170.5 
0.0 0.0 0.0 1.0
172 172 173
1 0 0.0 171.0 
0 0 1 0.0
0 -1 0 171.0 
0.0 0.0 0.0 1.0
173 173 174
1 0 0.0 171.5 
0 0 1 0.0
0 -1 0 171.5 
0.0 0.0 0.0 1.0
174 174 175
1 0 0.0 172.0 
0 0 1 0.0
0 -1 0 172.0 
0.0 0.0 0.0 1.0
175 175 176
1 0 0.0 172.5 
0 0 1 0.0
0 -1 0 172.5 
0.0 0.0 0.0 1.0
176 176 177
1 0 0.0 173.0 
0 0 1 0.0
0 -1 0 173.0 
0.0 0.0 0.0 1.0
177 177 178
1 0 0.0 173.5 
0 0 1 0.0
0 -1 0 173.5 
0.0 0.0 0.0 1.0
178 178 179
1 0 0.0 174.0 
0 0 1 0.0
0 -1 0 174.0 
0.0 0.0 0.0 1.0
179 179 180
1 0 0.0 174.5 
0 0 1 0.0
0 -1 0 174.5 
0.0 0.0 0.0 1.0
180 180 181
1 0 0.0 175.0 
0 0 1 0.0
0 -1 0 175.0 
0.0 0.0 0.0 1.0
181 181 182
1 0 0.0 175.5 
0 0 1 0.0
0 -1 0 175.5 
0.0 0.0 0.0 1.0
182 182 183
1 0 0.0 176.0 
0 0 1 0.0
0 -1 0 176.0 
0.0 0.0 0.0 1.0
183 183 184
1 0 0.0 176.5 
0 0 1 0.0
0 -1 0 176.5 
0.0 0.0 0.0 1.0
184 184 185
1 0 0.0 177.0 
0 0 1 0.0
0 -1 0 177.0 
0.0 0.0 0.0 1.0
185 185 186
1 0 0.0 177.5 
0 0 1 0.0
0 -1 0 177.5 
0.0 0.0 0.0 1.0
186 186 187
1 0 0.0 178.0 
0 0 1 0.0
0 -1 0 178.0 
0.0 0.0 0.0 1.0
187 187 188
1 0 0.0 178.5 
0 0 1 0.0
0 -1 0 178.5 
0.0 0.0 0.0 1.0
188 188 189
1 0 0.0 179.0 
0 0 1 0.0
0 -1 0 179.0 
0.0 0.0 0.0 1.0
189 189 190
1 0 0.0 179.5 
0 0 1 0.0
0 -1 0 179.5 
0.0 0.0 0.0 1.0
190 190 191
1 0 0.0 180.0 
0 0 1 0.0
0 -1 0 180.0 
0.0 0.0 0.0 1.0
191 191 192
1 0 0.0 180.5 
0 0 1 0.0
0 -1 0 180.5 
0.0 0.0 0.0 1.0
192 192 193
1 0 0.0 181.0 
0 0 1 0.0
0 -1 0 181.0 
0.0 0.0 0.0 1.0
193 193 194
1 0 0.0 181.5 
0 0 1 0.0
0 -1 0 181.5 
0.0 0.0 0.0 1.0
194 194 195
1 0 0.0 182.0 
0 0 1 0.0
0 -1 0 182.0 
0.0 0.0 0.0 1.0
195 195 196
1 0 0.0 182.5 
0 0 1 0.0
0 -1 0 182.5 
0.0 0.0 0.0 1.0
196 196 197
1 0 0.0 183.0 
0 0 1 0.0
0 -1 0 183.0 
0.0 0.0 0.0 1.0
197 197 198
1 0 0.0 183.5 
0 0 1 0.0
0 -1 0 183.5 
0.0 0.0 0.0 1.0
198 198 199
1 0 0.0 184.0 
0 0 1 0.0
0 -1 0 184.0 
0.0 0.0 0.0 1.0
199 199 200
1 0 0.0 184.5 
0 0 1 0.0
0 -1 0 184.5 
0.0 0.0 0.0 1.0
200 200 201
1 0 0.0 185.0 
0 0 1 0.0
0 -1 0 185.0 
0.0 0.0 0.0 1.0
201 201 202
1 0 0.0 185.5 
0 0 1 0.0
0 -1 0 185.5 
0.0 0.0 0.0 1.0
202 202 203
1 0 0.0 186.0 
0 0 1 0.0
0 -1 0 186.0 
0.0 0.0 0.0 1.0
203 203 204
1 0 0.0 186.5 
0 0 1 0.0
0 -1 0 186.5 
0.0 0.0 0.0 1.0
204 204 205
1 0 0.0 187.0 
0 0 1 0.0
0 -1 0 187.0 
0.0 0.0 0.0 1.0
205 205 206
1 0 0.0 187.5 
0 0 1 0.0
0 -1 0 187.5 
0.0 0.0 0.0 1.0
206 206 207
1 0 0.0 188.0 
0 0 1 0.0
0 -1 0 188.0 
0.0 0.0 0.0 1.0
207 207 208
1 0 0.0 188.5 
0 0 1 0.0
0 -1 0 188.5 
0.0 0.0 0.0 1.0
208 208 209
1 0 0.0 189.0 
0 0 1 0.0
0 -1 0 189.0 
0.0 0.0 0.0 1.0
209 209 210
1 0 0.0 189.5 
0 0 1 0.0
0 -1 0 189.5 
0.0 0.0 0.0 1.0
210 210 211
1 0 0.0 190.0 
0 0 1 0.0
0 -1 0 190.0 
0.0 0.0 0.0 1.0
211 211 212
1 0 0.0 190.5 
0 0 1 0.0
0 -1 0 190.5 
0.0 0.0 0.0 1.0
212 212 213
1 0 0.0 191.0 
0 0 1 0.0
0 -1 0 191.0 
0.0 0.0 0.0 1.0
213 213 214
1 0 0.0 191.5 
0 0 1 0.0
0 -1 0 191.5 
0.0 0.0 0.0 1.0
214 214 215
1 0 0.0 192.0 
0 0 1 0.0
0 -1 0 192.0 
0.0 0.0 0.0 1.0
215 215 216
1 0 0.0 192.5 
0 0 1 0.0
0 -1 0 192.5 
0.0 0.0 0.0 1.0
216 216 217
1 0 0.0 193.0 
0 0 1 0.0
0 -1 0 193.0 
0.0 0.0 0.0 1.0
217 217 218
1 0 0.0 193.5 
0 0 1 0.0
0 -1 0 193.5 
0.0 0.0 0.0 1.0
218 218 219
1 0 0.0 194.0 
0 0 1 0.0
0 -1 0 194.0 
0.0 0.0 0.0 1.0
219 219 220
1 0 0.0 194.5 
0 0 1 0.0
0 -1 0 194.5 
0.0 0.0 0.0 1.0
220 220 221
1 0 0.0 195.0 
0 0 1 0.0
0 -1 0 195.0 
0.0 0.0 0.0 1.0
221 221 222
1 0 0.0 195.5 
0 0 1 0.0
0 -1 0 195.5 
0.0 0.0 0.0 1.0
222 222 223
1 0 0.0 196.0 
0 0 1 0.0
0 -1 0 196.0 
0.0 0.0 0.0 1.0
223 223 224
1 0 0.0 196.5 
0 0 1 0.0
0 -1 0 196.5 
0.0 0.0 0.0 1.0
224 224 225
1 0 0.0 197.0 
0 0 1 0.0
0 -1 0 197.0 
0.0 0.0 0.0 1.0
225 225 226
1 0 0.0 197.5 
0 0 1 0.0
0 -1 0 197.5 
0.0 0.0 0.0 1.0
226 226 227
1 0 0.0 198.0 
0 0 1 0.0
0 -1 0 198.0 
0.0 0.0 0.0 1.0
227 227 228
1 0 0.0 198.5 
0 0 1 0.0
0 -1 0 198.5 
0.0 0.0 0.0 1.0
228 228 229
1 0 0.0 199.0 
0 0 1 0.0
0 -1 0 199.0 
0.0 0.0 0.0 1.0
229 229 230
1 0 0.0 199.5 
0 0 1 0.0
0 -1 0 199.5 
0.0 0.0 0.0 1.0
230 230 231
1 0 0.0 200.0 
0 0 1 0.0
0 -1 0 200.0 
0.0 0.0 0.0 1.0
231 231 232
1 0 0.0 200.5 
0 0 1 0.0
0 -1 0 200.5 
0.0 0.0 0.0 1.0
232 232 233
1 0 0.0 201.0 
0 0 1 0.0
0 -1 0 201.0 
0.0 0.0 0.0 1.0
233 233 234
1 0 0.0 201.5 
0 0 1 0.0
0 -1 0 201.5 
0.0 0.0 0.0 1.0
234 234 235
1 0 0.0 202.0 
0 0 1 0.0
0 -1 0 202.0 
0.0 0.0 0.0 1.0
235 235 236
1 0 0.0 202.5 
0 0 1 0.0
0 -1 0 202.5 
0.0 0.0 0.0 1.0
236 236 237
1 0 0.0 203.0 
0 0 1 0.0
0 -1 0 203.0 
0.0 0.0 0.0 1.0
237 237 238
1 0 0.0 203.5 
0 0 1 0.0
0 -1 0 203.5 
0.0 0.0 0.0 1.0
238 238 239
1 0 0.0 204.0 
0 0 1 0.0
0 -1 0 204.0 
0.0 0.0 0.0 1.0
239 239 240
1 0 0.0 204.5 
0 0 1 0.0
0 -1 0 204.5 
0.0 0.0 0.0 1.0
240 240 241
1 0 0.0 205.0 
0 0 1 0.0
0 -1 0 205.0 
0.0 0.0 0.0 1.0
241 241 242
1 0 0.0 205.5 
0 0 1 0.0
0 -1 0 205.5 
0.0 0.0 0.0 1.0
242 242 243
1 0 0.0 206.0 
0 0 1 0.0
0 -1 0 206.0 
0.0 0.0 0.0 1.0
243 243 244
1 0 0.0 206.5 
0 0 1 0.0
0 -1 0 206.5 
0.0 0.0 0.0 1.0
244 244 245
1 0 0.0 207.0 
0 0 1 0.0
0 -1 0 207.0 
0.0 0.0 0.0 1.0
245 245 246
1 0 0.0 207.5 
0 0 1 0.0
0 -1 0 207.5 
0.0 0.0 0.0 1.0
246 246 247
1 0 0.0 208.0 
0 0 1 0.0
0 -1 0 208.0 
0.0 0.0 0.0 1.0
247 247 248
1 0 0.0 208.5 
0 0 1 0.0
0 -1 0 208.5 
0.0 0.0 0.0 1.0
248 248 249
1 0 0.0 209.0 
0 0 1 0.0
0 -1 0 209.0 
0.0 0.0 0.0 1.0
249 249 250
1 0 0.0 209.5 
0 0 1 0.0
0 -1 0 209.5 
0.0 0.0 0.0 1.0
250 250 251
1 0 0.0 210.0 
0 0 1 0.0
0 -1 0 210.0 
0.0 0.0 0.0 1.0
251 251 252
1 0 0.0 210.5 
0 0 1 0.0
0 -1 0 210.5 
0.0 0.0 0.0 1.0
252 252 253
1 0 0.0 211.0 
0 0 1 0.0
0 -1 0 211.0 
0.0 0.0 0.0 1.0
253 253 254
1 0 0.0 211.5 
0 0 1 0.0
0 -1 0 211.5 
0.0 0.0 0.0 1.0
254 254 255
1 0 0.0 212.0 
0 0 1 0.0
0 -1 0 212.0 
0.0 0.0 0.0 1.0
255 255 256
1 0 0.0 212.5 
0 0 1 0.0
0 -1 0 212.5 
0.0 0.0 0.0 1.0
256 256 257
1 0 0.0 213.0 
0 0 1 0.0
0 -1 0 213.0 
0.0 0.0 0.0 1.0
257 257 258
1 0 0.0 213.5 
0 0 1 0.0
0 -1 0 213.5 
0.0 0.0 0.0 1.0
258 258 259
1 0 0.0 214.0 
0 0 1 0.0
0 -1 0 214.0 
0.0 0.0 0.0 1.0
259 259 260
1 0 0.0 214.5 
0 0 1 0.0
0 -1 0 214.5 
0.0 0.0 0.0 1.0
260 260 261
1 0 0.0 215.0 
0 0 1 0.0
0 -1 0 215.0 
0.0 0.0 0.0 1.0
261 261 262
1 0 0.0 215.5 
0 0 1 0.0
0 -1 0 215.5 
0.0 0.0 0.0 1.0
262 262 263
1 0 0.0 216.0 
0 0 1 0.0
0 -1 0 216.0 
0.0 0.0 0.0 1.0
263 263 264
1 0 0.0 216.5 
0 0 1 0.0
0 -1 0 216.5 
0.0 0.0 0.0 1.0
264 264 265
1 0 0.0 217.0 
0 0 1 0.0
0 -1 0 217.0 
0.0 0.0 0.0 1.0
265 265 266
1 0 0.0 217.5 
0 0 1 0.0
0 -1 0 217.5 
0.0 0.0 0.0 1.0
266 266 267
1 0 0.0 218.0 
0 0 1 0.0
0 -1 0 218.0 
0.0 0.0 0.0 1.0
267 267 268
1 0 0.0 218.5 
0 0 1 0.0
0 -1 0 218.5 
0.0 0.0 0.0 1.0
268 268 269
1 0 0.0 219.0 
0 0 1 0.0
0 -1 0 219.0 
0.0 0.0 0.0 1.0
269 269 270
1 0 0.0 219.5 
0 0 1 0.0
0 -1 0 219.5 
0.0 0.0 0.0 1.0
270 270 271
1 0 0.0 220.0 
0 0 1 0.0
0 -1 0 220.0 
0.0 0.0 0.0 1.0
271 271 272
1 0 0.0 220.5 
0 0 1 0.0
0 -1 0 220.5 
0.0 0.0 0.0 1.0
272 272 273
1 0 0.0 221.0 
0 0 1 0.0
0 -1 0 221.0 
0.0 0.0 0.0 1.0
273 273 274
1 0 0.0 221.5 
0 0 1 0.0
0 -1 0 221.5 
0.0 0.0 0.0 1.0
274 274 275
1 0 0.0 222.0 
0 0 1 0.0
0 -1 0 222.0 
0.0 0.0 0.0 1.0
275 275 276
1 0 0.0 222.5 
0 0 1 0.0
0 -1 0 222.5 
0.0 0.0 0.0 1.0
276 276 277
1 0 0.0 223.0 
0 0 1 0.0
0 -1 0 223.0 
0.0 0.0 0.0 1.0
277 277 278
1 0 0.0 223.5 
0 0 1 0.0
0 -1 0 223.5 
0.0 0.0 0.0 1.0
278 278 279
1 0 0.0 224.0 
0 0 1 0.0
0 -1 0 224.0 
0.0 0.0 0.0 1.0
279 279 280
1 0 0.0 224.5 
0 0 1 0.0
0 -1 0 224.5 
0.0 0.0 0.0 1.0
280 280 281
1 0 0.0 225.0 
0 0 1 0.0
0 -1 0 225.0 
0.0 0.0 0.0 1.0
281 281 282
1 0 0.0 225.5 
0 0 1 0.0
0 -1 0 225.5 
0.0 0.0 0.0 1.0
282 282 283
1 0 0.0 226.0 
0 0 1 0.0
0 -1 0 226.0 
0.0 0.0 0.0 1.0
283 283 284
1 0 0.0 226.5 
0 0 1 0.0
0 -1 0 226.5 
0.0 0.0 0.0 1.0
284 284 285
1 0 0.0 227.0 
0 0 1 0.0
0 -1 0 227.0 
0.0 0.0 0.0 1.0
285 285 286
1 0 0.0 227.5 
0 0 1 0.0
0 -1 0 227.5 
0.0 0.0 0.0 1.0
286 286 287
1 0 0.0 228.0 
0 0 1 0.0
0 -1 0 228.0 
0.0 0.0 0.0 1.0
287 287 288
1 0 0.0 228.5 
0 0 1 0.0
0 -1 0 228.5 
0.0 0.0 0.0 1.0
288 288 289
1 0 0.0 229.0 
0 0 1 0.0
0 -1 0 229.0 
0.0 0.0 0.0 1.0
289 289 290
1 0 0.0 229.5 
0 0 1 0.0
0 -1 0 229.5 
0.0 0.0 0.0 1.0
290 290 291
1 0 0.0 230.0 
0 0 1 0.0
0 -1 0 230.0 
0.0 0.0 0.0 1.0
291 291 292
1 0 0.0 230.5 
0 0 1 0.0
0 -1 0 230.5 
0.0 0.0 0.0 1.0
292 292 293
1 0 0.0 231.0 
0 0 1 0.0
0 -1 0 231.0 
0.0 0.0 0.0 1.0
293 293 294
1 0 0.0 231.5 
0 0 1 0.0
0 -1 0 231.5 
0.0 0.0 0.0 1.0
294 294 295
1 0 0.0 232.0 
0 0 1 0.0
0 -1 0 232.0 
0.0 0.0 0.0 1.0
295 295 296
1 0 0.0 232.5 
0 0 1 0.0
0 -1 0 232.5 
0.0 0.0 0.0 1.0
296 296 297
1 0 0.0 233.0 
0 0 1 0.0
0 -1 0 233.0 
0.0 0.0 0.0 1.0
297 297 298
1 0 0.0 233.5 
0 0 1 0.0
0 -1 0 233.5 
0.0 0.0 0.0 1.0
298 298 299
1 0 0.0 234.0 
0 0 1 0.0
0 -1 0 234.0 
0.0 0.0 0.0 1.0
299 299 300
1 0 0.0 234.5 
0 0 1 0.0
0 -1 0 234.5 
0.0 0.0 0.0 1.0
300 300 301
1 0 0.0 235.0 
0 0 1 0.0
0 -1 0 235.0 
0.0 0.0 0.0 1.0
301 301 302
1 0 0.0 235.5 
0 0 1 0.0
0 -1 0 235.5 
0.0 0.0 0.0 1.0
302 302 303
1 0 0.0 236.0 
0 0 1 0.0
0 -1 0 236.0 
0.0 0.0 0.0 1.0
303 303 304
1 0 0.0 236.5 
0 0 1 0.0
0 -1 0 236.5 
0.0 0.0 0.0 1.0
304 304 305
1 0 0.0 237.0 
0 0 1 0.0
0 -1 0 237.0 
0.0 0.0 0.0 1.0
305 305 306
1 0 0.0 237.5 
0 0 1 0.0
0 -1 0 237.5 
0.0 0.0 0.0 1.0
306 306 307
1 0 0.0 238.0 
0 0 1 0.0
0 -1 0 238.0 
0.0 0.0 0.0 1.0
307 307 308
1 0 0.0 238.5 
0 0 1 0.0
0 -1 0 238.5 
0.0 0.0 0.0 1.0
308 308 309
1 0 0.0 239.0 
0 0 1 0.0
0 -1 0 239.0 
0.0 0.0 0.0 1.0
309 309 310
1 0 0.0 239.5 
0 0 1 0.0
0 -1 0 239.5 
0.0 0.0 0.0 1.0
310 310 311
1 0 0.0 240.0 
0 0 1 0.0
0 -1 0 240.0 
0.0 0.0 0.0 1.0
311 311 312
1 0 0.0 240.5 
0 0 1 0.0
0 -1 0 240.5 
0.0 0.0 0.0 1.0
312 312 313
1 0 0.0 241.0 
0 0 1 0.0
0 -1 0 241.0 
0.0 0.0 0.0 1.0
313 313 314
1 0 0.0 241.5 
0 0 1 0.0
0 -1 0 241.5 
0.0 0.0 0.0 1.0
314 314 315
1 0 0.0 242.0 
0 0 1 0.0
0 -1 0 242.0 
0.0 0.0 0.0 1.0
315 315 316
1 0 0.0 242.5 
0 0 1 0.0
0 -1 0 242.5 
0.0 0.0 0.0 1.0
316 316 317
1 0 0.0 243.0 
0 0 1 0.0
0 -1 0 243.0 
0.0 0.0 0.0 1.0
317 317 318
1 0 0.0 243.5 
0 0 1 0.0
0 -1 0 243.5 
0.0 0.0 0.0 1.0
318 318 319
1 0 0.0 244.0 
0 0 1 0.0
0 -1 0 244.0 
0.0 0.0 0.0 1.0
319 319 320
1 0 0.0 244.5 
0 0 1 0.0
0 -1 0 244.5 
0.0 0.0 0.0 1.0
320 320 321
1 0 0.0 245.0 
0 0 1 0.0
0 -1 0 245.0 
0.0 0.0 0.0 1.0
321 321 322
1 0 0.0 245.5 
0 0 1 0.0
0 -1 0 245.5 
0.0 0.0 0.0 1.0
322 322 323
1 0 0.0 246.0 
0 0 1 0.0
0 -1 0 246.0 
0.0 0.0 0.0 1.0
323 323 324
1 0 0.0 246.5 
0 0 1 0.0
0 -1 0 246.5 
0.0 0.0 0.0 1.0
324 324 325
1 0 0.0 247.0 
0 0 1 0.0
0 -1 0 247.0 
0.0 0.0 0.0 1.0
